----------------------------------------------------------------------------------------------------------------------------------------------------------------------
  Bin Id          Marker lineage          # genomes   # markers   # marker sets    0     1    2    3    4   5+   Completeness   Contamination   Strain heterogeneity  
----------------------------------------------------------------------------------------------------------------------------------------------------------------------
  2        o__Actinomycetales (UID1530)      622         259           152         0    259   0    0    0   0       100.00           0.00               0.00          
  5        o__Lactobacillales (UID544)       293         475           267         1    474   0    0    0   0       99.63            0.00               0.00          
  11        o__Clostridiales (UID1120)       304         250           143         2    248   0    0    0   0       98.95            0.00               0.00          
  0            k__Bacteria (UID203)          5449        104            58         1     14   3    85   1   0       98.28           187.62             65.91          
  7         g__Staphylococcus (UID298)        56         805           176         44   757   4    0    0   0       96.49            0.55              75.00          
  12           k__Bacteria (UID203)          5449        104            58         30    35   25   14   0   0       60.74           21.75               0.00          
  13       f__Leuconostocaceae (UID486)       29         443           178        264   176   3    0    0   0       38.90            1.19              33.33          
  3            k__Bacteria (UID203)          5449        104            58         67    12   25   0    0   0       10.42            6.79              56.00          
  4            k__Bacteria (UID203)          5449        104            58        101    3    0    0    0   0        2.46            0.00               0.00          
  1             k__Archaea (UID2)            207         148           106        145    3    0    0    0   0        2.20            0.00               0.00          
  9                root (UID1)               5656         56            24         56    0    0    0    0   0        0.00            0.00               0.00          
  8                root (UID1)               5656         56            24         56    0    0    0    0   0        0.00            0.00               0.00          
  6                root (UID1)               5656         56            24         56    0    0    0    0   0        0.00            0.00               0.00          
  15               root (UID1)               5656         56            24         56    0    0    0    0   0        0.00            0.00               0.00          
  14               root (UID1)               5656         56            24         56    0    0    0    0   0        0.00            0.00               0.00          
  10               root (UID1)               5656         56            24         56    0    0    0    0   0        0.00            0.00               0.00          
----------------------------------------------------------------------------------------------------------------------------------------------------------------------