k141_6370	4457	6	0
k141_4250	3760	70	0
k141_7429	9694	0	0
k141_7077	4234	4	0
k141_7784	4571	4	0
k141_8491	6190	4	0
k141_8142	6929	4	0
k141_6018	8812	8	0
k141_1427	3006	2	0
k141_6383	3907	52	0
k141_7789	5302	2	0
k141_1063	8075	737	0
k141_710	12604	18	0
k141_9201	8431	1578	0
k141_4962	15132	6	0
k141_5314	8730	115	0
k141_4	19351	10853	0
k141_9554	7958	1392	0
k141_2485	8730	6	0
k141_3206	3906	2	0
k141_10266	9603	886	0
k141_5674	9811	4	0
k141_714	3107	30	0
k141_6723	18319	16	0
k141_7795	3805	168	0
k141_8149	9720	4813	0
k141_7435	17974	2481	0
k141_3542	22674	10	0
k141_6393	4857	99	0
k141_7797	3498	0	0
k141_2487	4534	2	0
k141_5678	4151	8	0
k141_721	4318	1517	0
k141_360	28117	14	0
k141_4974	4017	2	0
k141_3902	20856	5	0
k141_9214	3656	2	0
k141_3545	3290	0	0
k141_6725	6105	0	0
k141_8522	5859	1140	0
k141_1772	25808	11	0
k141_1073	7766	4	0
k141_6394	6744	122	0
k141_2492	3063	61	0
k141_9572	4034	4	0
k141_733	7915	7	0
k141_1774	4675	69	0
k141_6397	3407	4	0
k141_1075	3089	45	0
k141_3557	3396	3394	0
k141_3912	6320	10	0
k141_1432	18217	12	0
k141_5691	8611	175	0
k141_1776	3923	0	0
k141_5000	3319	0	0
k141_3560	6149	2	0
k141_10278	15568	10	0
k141_2146	14422	10	0
k141_9578	3078	123	0
k141_6019	37341	26	0
k141_9233	5510	92	0
k141_5361	4393	380	0
k141_8861	37172	1361	0
k141_3916	11613	4	0
k141_9900	43990	49	0
k141_3231	20757	44264	0
k141_4268	40557	1856	0
k141_9234	7615	4	0
k141_740	17209	8	0
k141_5001	13828	10	0
k141_361	36578	10	0
k141_5364	6516	6	0
k141_8534	22231	14	0
k141_3918	7304	4	0
k141_2153	8588	6	0
k141_3561	23149	20	0
k141_1777	25109	1284	0
k141_2514	5053	43	0
k141_9248	3200	4	0
k141_10280	23579	8390	0
k141_5016	4029	754	0
k141_2155	6160	420	0
k141_5371	6047	3	0
k141_3235	20341	12	0
k141_742	17900	10227	0
k141_3568	3849	4	0
k141_5372	3920	79	0
k141_7128	28140	6	0
k141_9921	9063	6	0
k141_9251	7572	2	0
k141_3575	4245	70	0
k141_363	27575	22	0
k141_7129	3424	728	0
k141_14	68666	60	0
k141_8153	59211	35732	0
k141_4270	30206	1352	0
k141_9255	4764	4563	0
k141_9925	3986	88	0
k141_4271	4340	115	0
k141_3587	3498	0	0
k141_1778	22812	26002	0
k141_3237	17422	12	0
k141_5018	21934	1235	0
k141_7135	4644	0	0
k141_8542	32945	20	0
k141_9927	4795	0	0
k141_4276	6343	6	0
k141_8544	3259	4	0
k141_5696	50255	26	0
k141_3244	3749	0	0
k141_6756	37389	2219	0
k141_5376	13837	7398	0
k141_8877	47710	18	0
k141_9933	3622	0	0
k141_6406	58602	18	0
k141_9587	39264	19	0
k141_1438	47032	16	0
k141_748	28032	1795	0
k141_9934	3225	20	0
k141_5020	13806	611	0
k141_7137	12117	22	0
k141_8880	6723	6	0
k141_3245	11007	4	0
k141_9265	16596	19419	0
k141_749	3661	6	0
k141_1791	16798	19162	0
k141_9589	4125	113	0
k141_374	27943	24	0
k141_6765	5327	57	0
k141_4283	12537	5238	0
k141_750	4730	1499	0
k141_26	27248	6	0
k141_375	3136	0	0
k141_9591	4251	2475	0
k141_3248	9652	6	0
k141_5029	6684	2	0
k141_1077	55631	20	0
k141_379	4663	7	0
k141_8545	25088	30669	0
k141_6021	75548	62	0
k141_5698	22544	14	0
k141_9270	14902	10	0
k141_3602	33688	338	0
k141_6025	3524	21	0
k141_8883	18418	10114	0
k141_3921	59614	2802	0
k141_5702	5168	450	0
k141_3251	10745	6	0
k141_5387	15993	12	0
k141_1453	9571	2	0
k141_3922	3712	691	0
k141_4287	18862	6	0
k141_8546	14591	176	0
k141_3925	3228	0	0
k141_2523	38614	560	0
k141_394	10011	5	0
k141_8170	50392	61116	0
k141_9278	5122	0	0
k141_5397	3474	95	0
k141_1455	6241	4	0
k141_751	30008	20	0
k141_397	6883	6	0
k141_3606	16493	18216	0
k141_9592	21641	27	0
k141_5402	5218	0	0
k141_1101	3343	5	0
k141_760	3835	4	0
k141_5030	30155	18	0
k141_8183	6556	8	0
k141_6416	35824	1713	0
k141_8548	15091	22	0
k141_8887	25544	16	0
k141_6417	3657	2	0
k141_1794	40233	44563	0
k141_69	17138	20478	0
k141_8188	4383	0	0
k141_1102	5014	1560	0
k141_3612	10057	640	0
k141_8559	4080	2	0
k141_75	3195	5	0
k141_398	18981	22	0
k141_5405	9425	212	0
k141_773	5506	0	0
k141_8894	6905	9	0
k141_401	3146	58	0
k141_8561	4530	2	0
k141_9937	46551	38	0
k141_3613	6463	2	0
k141_3260	30290	16997	0
k141_4618	114955	73	0
k141_776	5256	2	0
k141_403	4446	27	0
k141_3615	3096	35	0
k141_6782	40096	18122	0
k141_2166	70788	241	0
k141_780	4074	62	0
k141_3934	31531	415	0
k141_8897	11665	561	0
k141_94	3269	49	0
k141_418	3468	23	0
k141_4623	6396	57	0
k141_8901	3606	4625	0
k141_3628	7357	163	0
k141_423	6721	0	0
k141_793	4486	253	0
k141_6792	3703	4	0
k141_9938	20072	14	0
k141_3637	4500	61	0
k141_1795	37526	30	0
k141_428	9264	6	0
k141_6428	32241	22	0
k141_6046	51737	32	0
k141_796	9776	8	0
k141_1798	5720	2	0
k141_3269	32106	53	0
k141_801	5341	0	0
k141_6049	6709	103	0
k141_449	4219	0	0
k141_7141	70083	84	0
k141_4643	12619	4	0
k141_5031	53422	30554	0
k141_1459	45510	34	0
k141_101	26296	14050	0
k141_3645	9293	0	0
k141_6050	4619	2	0
k141_805	4752	50	0
k141_3275	3860	4	0
k141_461	4748	2	0
k141_105	3753	2	0
k141_4307	64985	43	0
k141_1118	27465	1609	0
k141_1801	9968	5282	0
k141_810	3070	34	0
k141_3936	36330	14	0
k141_108	4129	0	0
k141_4317	6091	115	0
k141_5032	16412	6	0
k141_8566	55169	2578	0
k141_111	3789	4	0
k141_2847	202990	38668	0
k141_4654	9063	69	0
k141_1123	6646	2	0
k141_9594	53109	2941	0
k141_6431	27822	16	0
k141_5035	3686	69	0
k141_2190	24893	17	0
k141_3667	7882	8811	0
k141_3279	19264	12	0
k141_3944	7625	9420	0
k141_6432	4586	6	0
k141_4320	9601	2969	0
k141_1128	4102	2	0
k141_1464	16548	11	0
k141_835	5669	2	0
k141_3670	3582	0	0
k141_2540	49961	20	0
k141_3947	3474	0	0
k141_2191	6443	4	0
k141_118	6270	5	0
k141_8569	14517	10	0
k141_6434	3245	49	0
k141_2874	3033	444	0
k141_1466	3531	1887	0
k141_4321	6607	2	0
k141_3948	3065	2	0
k141_470	29723	26	0
k141_8572	3714	446	0
k141_5041	11521	883	0
k141_124	3565	2173	0
k141_2193	5722	2	0
k141_1814	25226	12	0
k141_9596	13541	10	0
k141_4326	6328	8382	0
k141_8580	4499	71	0
k141_1815	3509	544	0
k141_9599	3195	3	0
k141_6068	34141	18	0
k141_483	12438	239	0
k141_5414	72075	26	0
k141_2883	15599	12	0
k141_6070	3092	45	0
k141_4337	6193	2	0
k141_8584	10973	2	0
k141_129	15037	19	0
k141_836	30281	193065	0
k141_6075	4753	6018	0
k141_6443	22625	16	0
k141_9939	60246	63469	0
k141_6077	3392	2	0
k141_3955	26515	29148	0
k141_8589	8027	8518	0
k141_2195	19158	14	0
k141_485	18242	9658	0
k141_6446	3996	52	0
k141_133	7190	8	0
k141_839	8389	6	0
k141_8593	3373	4	0
k141_3962	4416	5048	0
k141_9942	8264	8	0
k141_6449	3220	1	0
k141_4346	12986	248	0
k141_5044	37402	24	0
k141_842	7080	136	0
k141_6080	8523	5062	0
k141_2200	6400	2	0
k141_9943	3646	2	0
k141_5045	4180	2332	0
k141_8906	111084	5598	0
k141_152	6891	10	0
k141_7814	320213	65367	0
k141_844	3941	6	0
k141_6081	5494	98	0
k141_3282	59226	36	0
k141_153	4162	0	0
k141_7818	5045	12	0
k141_847	3074	200	0
k141_6083	5708	1	0
k141_2208	4204	8	0
k141_2892	27615	8	0
k141_156	5166	4	0
k141_5046	11178	6	0
k141_2541	41103	16	0
k141_6086	5048	5920	0
k141_9953	9833	2669	0
k141_2894	4677	0	0
k141_5048	5657	111	0
k141_487	35066	25	0
k141_7143	79493	89206	0
k141_8911	27604	35189	0
k141_7145	3012	0	0
k141_6467	25450	4451	0
k141_10285	236713	11815	0
k141_504	10150	4	0
k141_3288	24842	27636	0
k141_9279	156238	6593	0
k141_5064	4846	99	0
k141_8914	3114	2	0
k141_7464	310196	178336	0
k141_178	5223	98	0
k141_1133	56220	24520	0
k141_9281	3882	182	0
k141_3673	92268	50	0
k141_9955	21295	10	0
k141_8922	7669	837	0
k141_2220	21230	2944	0
k141_7476	5698	14	0
k141_522	9436	2	0
k141_8924	4303	848	0
k141_9603	54684	39	0
k141_1821	73613	54	0
k141_3680	7559	0	0
k141_9958	7737	6	0
k141_7821	50949	26	0
k141_855	40305	16	0
k141_6089	39206	33	0
k141_1823	4095	0	0
k141_9285	13174	16207	0
k141_7822	8098	8	0
k141_3684	6731	2	0
k141_8192	185724	103217	0
k141_3314	17743	9109	0
k141_1472	75083	87313	0
k141_528	10308	2	0
k141_2227	8220	425	0
k141_1829	3385	4	0
k141_2904	35098	28	0
k141_7153	23154	16	0
k141_9286	10171	12470	0
k141_7828	9689	11870	0
k141_7154	4023	1	0
k141_6093	12858	0	0
k141_6797	126804	70758	0
k141_9606	15160	6	0
k141_6476	31357	24	0
k141_3325	8113	16	0
k141_3685	18635	10518	0
k141_6099	6770	122	0
k141_1835	12636	6	0
k141_5420	83847	50	0
k141_1492	12916	7049	0
k141_10286	54338	67953	0
k141_6101	8783	0	0
k141_533	27928	14	0
k141_2242	15636	18	0
k141_9292	17872	10	0
k141_8225	9636	142	0
k141_5424	3576	295	0
k141_1851	4113	0	0
k141_7845	16114	4	0
k141_2542	52171	24947	0
k141_3694	13888	0	0
k141_4677	102972	62	0
k141_7486	42899	32	0
k141_1137	38036	7398	0
k141_890	29353	15339	0
k141_1855	3085	407	0
k141_3968	92477	97132	0
k141_9296	6493	125	0
k141_1493	10895	628	0
k141_5078	59987	47	0
k141_10292	10709	0	0
k141_3702	3555	325	0
k141_7496	3713	58	0
k141_552	5923	2	0
k141_9298	4404	76	0
k141_2244	13491	10	0
k141_8927	60371	130	0
k141_3977	4034	3209	0
k141_7847	19762	9	0
k141_904	4234	852	0
k141_4369	103567	653935	0
k141_4692	6408	0	0
k141_5079	12396	556	0
k141_7849	6032	6	0
k141_8928	11160	8	0
k141_9305	6929	0	0
k141_1500	10859	5743	0
k141_3330	40198	28	0
k141_2250	3130	67	0
k141_7851	3796	50244	0
k141_2546	16454	98679	0
k141_5707	266144	63671	0
k141_5427	21479	8	0
k141_9623	26471	39	0
k141_2251	3310	49	0
k141_1146	14699	7637	0
k141_5711	3035	4	0
k141_7504	21677	18	0
k141_3703	24671	56	0
k141_7852	8747	2	0
k141_10293	25606	14224	0
k141_1868	21902	67	0
k141_2253	5216	4	0
k141_8944	4960	1438	0
k141_5429	7713	2	0
k141_2909	59310	39	0
k141_5084	16119	4	0
k141_7514	5040	6	0
k141_5719	4104	2	0
k141_6129	32106	56	0
k141_10298	7885	0	0
k141_1501	14675	293	0
k141_5088	3936	68	0
k141_8228	49266	18	0
k141_553	41083	54	0
k141_9313	17201	3	0
k141_6479	58218	36	0
k141_7516	9361	19	0
k141_2263	5055	6	0
k141_555	3296	0	0
k141_9970	67257	70	0
k141_5722	6744	7938	0
k141_1507	3293	0	0
k141_5433	8629	4	0
k141_10301	8828	4	0
k141_7164	55648	2742	0
k141_948	19016	14	0
k141_7517	8798	3311	0
k141_6145	6469	6504	0
k141_1155	14745	8	0
k141_9974	7488	4	0
k141_5724	8714	338	0
k141_3978	42470	22	0
k141_5094	13493	6	0
k141_5435	6292	4	0
k141_7167	5313	109	0
k141_6481	13001	291	0
k141_8949	28481	27	0
k141_6151	7215	1604	0
k141_8232	19189	110207	0
k141_5436	4993	0	0
k141_4376	45131	34	0
k141_9319	18197	12	0
k141_7527	6297	0	0
k141_10321	3366	0	0
k141_556	22330	2	0
k141_5096	6388	0	0
k141_1160	6111	4	0
k141_5727	7955	151	0
k141_9624	32531	18	0
k141_8233	7208	1460	0
k141_4709	29795	22	0
k141_4380	4014	0	0
k141_7862	45631	24312	0
k141_10322	7689	4717	0
k141_6483	13786	6	0
k141_3331	57533	28	0
k141_568	3131	56	0
k141_8239	7699	0	0
k141_191	134876	140281	0
k141_5441	11664	6229	0
k141_10326	4134	68	0
k141_1890	35848	32	0
k141_7871	8329	2058	0
k141_6489	3754	1554	0
k141_6159	22531	12	0
k141_3342	7112	6	0
k141_9628	13239	771	0
k141_4715	12721	10	0
k141_574	14005	6	0
k141_4384	20074	14	0
k141_8240	14919	4	0
k141_6495	3138	2	0
k141_6163	3830	1015	0
k141_8970	22389	4	0
k141_10330	13366	10	0
k141_3348	7125	0	0
k141_578	7724	156	0
k141_5100	31907	15448	0
k141_4720	4197	69	0
k141_9633	6247	4	0
k141_1901	14285	4	0
k141_7173	31174	17287	0
k141_8241	9906	12	0
k141_7878	21154	2	0
k141_5104	5686	3	0
k141_9976	40065	50195	0
k141_9328	33403	18	0
k141_1907	5278	2	0
k141_8245	6429	3630	0
k141_594	4711	132	0
k141_3350	14782	6	0
k141_2912	69080	44	0
k141_10332	17200	9	0
k141_6498	16298	9592	0
k141_597	3205	38	0
k141_7891	4093	4	0
k141_6164	23489	23	0
k141_2274	53912	36	0
k141_7532	58070	71000	0
k141_6166	3913	3427	0
k141_3354	7499	0	0
k141_8971	32147	5432	0
k141_3984	56039	57758	0
k141_6168	3516	0	0
k141_207	41674	18	0
k141_5443	38440	46224	0
k141_4386	35338	22	0
k141_7892	15972	4	0
k141_9995	7122	4	0
k141_6507	11573	6	0
k141_7536	11062	6039	0
k141_7894	5388	0	0
k141_9348	6100	1	0
k141_209	6674	0	0
k141_609	19278	8	0
k141_3988	12825	781	0
k141_7897	3563	46	0
k141_4395	3462	53	0
k141_612	3389	2858	0
k141_8972	21043	4	0
k141_213	3860	1	0
k141_3359	19886	24578	0
k141_10002	5627	4	0
k141_3993	3379	0	0
k141_6508	12328	12	0
k141_954	90098	97525	0
k141_4404	4135	43	0
k141_8251	34938	19717	0
k141_3360	7733	4	0
k141_227	3328	43	0
k141_7908	5564	0	0
k141_8983	5861	6	0
k141_1996	15106	10	0
k141_3364	4303	101	0
k141_618	13649	6526	0
k141_7542	18710	14	0
k141_5728	82644	50	0
k141_1998	3007	2	0
k141_8252	8422	383	0
k141_7912	3319	2	0
k141_2292	19526	8	0
k141_10012	7072	8339	0
k141_2915	40389	32	0
k141_9640	38617	47098	0
k141_5731	4014	58	0
k141_6522	4758	4	0
k141_228	11964	4	0
k141_8984	9548	2	0
k141_632	3482	57	0
k141_10017	3675	0	0
k141_7184	44704	24829	0
k141_8986	4565	4	0
k141_3373	5443	4	0
k141_5107	58360	36	0
k141_6170	40892	32	0
k141_7551	7840	4	0
k141_231	7036	145	0
k141_8988	3542	5021	0
k141_10334	56761	24	0
k141_2305	3236	0	0
k141_7917	17300	24	0
k141_640	5785	6	0
k141_6524	10683	14	0
k141_8991	8077	4667	0
k141_2307	4992	2	0
k141_5111	10046	5688	0
k141_4733	52194	40	0
k141_3715	150898	97125	0
k141_7190	8808	3	0
k141_3994	33498	4219	0
k141_2060	8281	20	0
k141_10342	10146	2	0
k141_6527	10414	8	0
k141_9000	4443	5	0
k141_7918	16889	18498	0
k141_3718	4596	0	0
k141_1508	122138	58	0
k141_9004	3062	21	0
k141_7577	6082	2	0
k141_5114	11793	6	0
k141_5735	28262	14	0
k141_244	22742	26873	0
k141_2069	4968	2	0
k141_5117	5307	0	0
k141_2070	4954	0	0
k141_254	3709	0	0
k141_3377	33533	10	0
k141_3998	14978	10	0
k141_10344	15707	8737	0
k141_5119	3669	49	0
k141_9641	31193	621	0
k141_649	27834	10	0
k141_5748	3832	63	0
k141_9021	4178	57	0
k141_2085	3007	1319	0
k141_4749	10216	2	0
k141_6805	176972	192606	0
k141_10018	37151	26	0
k141_3725	20013	4	0
k141_7592	10709	16	0
k141_653	4002	37	0
k141_7203	18617	8	0
k141_10353	6559	12	0
k141_5138	3689	56	0
k141_6810	3366	392	0
k141_3385	10674	375	0
k141_4750	7928	2	0
k141_3734	3064	0	0
k141_8261	62511	41	0
k141_2916	56680	36	0
k141_10026	4901	2	0
k141_5446	72403	88978	0
k141_279	8082	6	0
k141_2097	12680	6	0
k141_5753	16596	24	0
k141_7598	17615	18	0
k141_9022	26399	10	0
k141_5454	3549	2	0
k141_7936	41851	35	0
k141_2326	32035	6773	0
k141_288	4371	39	0
k141_8269	6787	0	0
k141_2105	6364	101	0
k141_2571	128375	149081	0
k141_688	12027	6	0
k141_7954	3479	6	0
k141_295	4817	4	0
k141_7205	22376	11428	0
k141_10046	6450	0	0
k141_1509	50053	38	0
k141_9036	3032	688	0
k141_691	8443	4	0
k141_5756	16678	8659	0
k141_7206	4888	2334	0
k141_3740	26946	644344	0
k141_7618	7080	1344	0
k141_10053	3605	35	0
k141_1173	117285	21754	0
k141_2574	10787	4	0
k141_9648	31078	16183	0
k141_7968	7352	0	0
k141_5465	10539	12	0
k141_10354	43746	24	0
k141_5764	7622	2	0
k141_1174	5064	77	0
k141_3999	53398	3044	0
k141_323	3164	52	0
k141_9359	105334	76	0
k141_7969	5804	0	0
k141_10356	3984	0	0
k141_4426	106472	48077	0
k141_10056	9357	4	0
k141_9054	14831	11699	0
k141_7631	15505	9253	0
k141_327	7593	6	0
k141_1524	20890	1261	0
k141_4013	3666	0	0
k141_4763	25110	14	0
k141_2917	44758	55394	0
k141_2337	26732	12	0
k141_1528	3179	41	0
k141_2918	3962	2	0
k141_4436	5994	882	0
k141_4015	5254	128	0
k141_7641	4027	5	0
k141_9055	10403	12534	0
k141_9364	15346	10	0
k141_347	3221	4	0
k141_4017	6898	119	0
k141_4438	5367	4161	0
k141_2923	6035	0	0
k141_7649	3227	54	0
k141_9060	6097	850	0
k141_4018	3800	643	0
k141_3753	35513	918160	0
k141_8007	8805	8	0
k141_10363	22435	4159	0
k141_7651	7366	2	0
k141_973	106053	62	0
k141_2935	3683	625	0
k141_5150	75677	86	0
k141_349	13393	12	0
k141_9370	12692	4	0
k141_7653	7272	7373	0
k141_5765	39402	251030	0
k141_4767	20331	12	0
k141_9373	4102	4	0
k141_2341	30996	8	0
k141_4021	16324	22	0
k141_4452	12758	7159	0
k141_5151	10639	0	0
k141_986	7136	0	0
k141_2342	5135	0	0
k141_5470	38943	13449	0
k141_7671	5073	4	0
k141_2938	19630	18	0
k141_4455	8015	0	0
k141_10370	21068	20	0
k141_9396	3445	223	0
k141_5476	3233	50	0
k141_4771	13578	6525	0
k141_1532	44268	53735	0
k141_8008	44128	9276	0
k141_1538	5410	3513	0
k141_5154	21930	2476	0
k141_5480	8036	8	0
k141_9406	3167	0	0
k141_10378	4215	367	0
k141_5775	25191	83	0
k141_8594	447731	2778791	0
k141_4777	5261	0	0
k141_4465	13805	7969	0
k141_1546	4241	1057	0
k141_5483	7532	4	0
k141_8011	10358	6	0
k141_2941	21426	16	0
k141_5159	10647	2	0
k141_2575	73499	85822	0
k141_9408	9493	20	0
k141_9409	3283	3784	0
k141_2944	3099	53	0
k141_10381	10579	5267	0
k141_1560	3381	67	0
k141_5161	11387	12	0
k141_8630	5251	100	0
k141_2947	7913	8	0
k141_9655	71932	54	0
k141_9073	65216	78263	0
k141_4481	6611	673	0
k141_8270	124949	66	0
k141_5489	20293	8	0
k141_9085	3055	2	0
k141_2952	6877	1901	0
k141_5168	11040	8	0
k141_3764	70942	3277	0
k141_1564	15847	10	0
k141_9091	4762	1695	0
k141_4799	16856	15884	0
k141_2955	4546	453	0
k141_5492	6346	8	0
k141_8631	19615	10	0
k141_4488	12179	12	0
k141_2361	46970	296078	0
k141_988	65632	38	0
k141_5173	8115	157	0
k141_9441	16287	6	0
k141_6813	127528	146134	0
k141_4024	67904	76104	0
k141_992	5866	3154	0
k141_9102	8137	19	0
k141_1565	17423	14	0
k141_6814	4368	67	0
k141_9656	23480	542732	0
k141_1001	5667	86	0
k141_2380	6511	105	0
k141_4039	4414	2	0
k141_1570	4853	49	0
k141_9445	14156	8	0
k141_8635	23073	146094	0
k141_3768	27138	971	0
k141_4808	14909	12	0
k141_5781	63581	30	0
k141_2386	3894	0	0
k141_9448	3142	53	0
k141_8637	3881	0	0
k141_5189	15193	8	0
k141_5191	3106	26	0
k141_4811	3123	2	0
k141_4051	3386	2	0
k141_8271	49915	26	0
k141_10398	37411	28	0
k141_5795	3929	4	0
k141_6819	16901	22	0
k141_5200	3144	8	0
k141_2578	67411	34	0
k141_1583	11012	18	0
k141_2398	5936	8	0
k141_5507	37877	22	0
k141_9454	9799	0	0
k141_8272	6108	5869	0
k141_6820	4525	902	0
k141_5802	3087	56	0
k141_9666	20720	13	0
k141_3389	205179	129	0
k141_7211	131320	54021	0
k141_9456	4302	0	0
k141_9111	34845	10	0
k141_4823	5444	1	0
k141_5514	5945	8	0
k141_5810	6804	8230	0
k141_2579	15939	5950	0
k141_5812	3332	0	0
k141_7230	5904	2	0
k141_4826	7523	7	0
k141_1586	18445	3	0
k141_8275	16546	10	0
k141_10421	8320	9	0
k141_9114	15774	8685	0
k141_3775	34968	36	0
k141_8276	3787	3	0
k141_4056	32909	34	0
k141_3392	22346	12	0
k141_2591	6460	0	0
k141_2957	71288	42	0
k141_7241	3398	0	0
k141_9459	21217	16	0
k141_9690	9092	1637	0
k141_3784	6997	0	0
k141_2600	3869	1826	0
k141_9462	7987	4	0
k141_9695	3231	37	0
k141_2411	36687	2275	0
k141_1603	8134	0	0
k141_2963	7810	6	0
k141_4082	6466	927	0
k141_1004	68834	30540	0
k141_5818	27578	18	0
k141_8294	14345	10	0
k141_9702	3072	0	0
k141_3394	24637	29	0
k141_5820	4375	2	0
k141_2425	3159	6	0
k141_3793	14964	4	0
k141_4090	3688	305	0
k141_5518	46275	56711	0
k141_10065	195217	1162757	0
k141_7283	3909	0	0
k141_9120	37448	14	0
k141_5831	3773	10	0
k141_1614	14029	10	0
k141_6823	49240	20	0
k141_9123	3244	50	0
k141_5528	4130	542	0
k141_4097	12851	4	0
k141_2434	13299	673	0
k141_9132	3173	49	0
k141_9731	8260	158	0
k141_10070	20352	21807	0
k141_8295	31966	18	0
k141_9733	3963	0	0
k141_5212	82290	60	0
k141_9469	33893	24	0
k141_7675	211673	44781	0
k141_2964	40575	22	0
k141_8297	5469	0	0
k141_7309	9351	2	0
k141_5213	5840	2	0
k141_9741	4323	118	0
k141_4124	3248	0	0
k141_2608	41515	28	0
k141_5532	27137	14	0
k141_6844	6583	8034	0
k141_10437	47830	55156	0
k141_8012	205490	42937	0
k141_2437	22952	144964	0
k141_9475	13227	16107	0
k141_7311	10411	126	0
k141_5242	5839	0	0
k141_10072	26662	12	0
k141_9746	10165	2	0
k141_1617	37787	30	0
k141_9486	3003	0	0
k141_3418	44015	31	0
k141_9149	32722	16	0
k141_9487	4898	2	0
k141_10082	3249	43	0
k141_2438	13892	2	0
k141_7687	23614	9928	0
k141_8013	18096	20	0
k141_2441	4000	0	0
k141_6855	12301	4	0
k141_9750	11433	12	0
k141_1007	72803	40	0
k141_10443	20097	47	0
k141_9501	3610	280	0
k141_6174	370194	154692	0
k141_8028	3767	0	0
k141_6856	7028	181	0
k141_1180	210897	226975	0
k141_9502	3711	44	0
k141_10104	4451	2	0
k141_7697	11067	14	0
k141_2611	39034	30	0
k141_3426	17755	14	0
k141_7698	3723	2	0
k141_2971	44413	26	0
k141_5254	31226	1425	0
k141_1181	7828	167	0
k141_9189	3396	63	0
k141_6179	11433	0	0
k141_10109	10676	8	0
k141_7354	11419	14	0
k141_2624	7330	1157	0
k141_10455	10962	12985	0
k141_1039	4999	0	0
k141_2973	9014	425	0
k141_3434	10088	6	0
k141_7704	14507	6	0
k141_8056	5514	6	0
k141_3441	4040	270	0
k141_2447	33720	26	0
k141_8057	7164	6	0
k141_2627	9270	4905	0
k141_3443	4396	2	0
k141_1182	14460	14	0
k141_10112	17129	20107	0
k141_8058	3296	10	0
k141_1185	3117	0	0
k141_8065	5443	5650	0
k141_1638	44010	38	0
k141_5280	12632	14	0
k141_6184	21078	9411	0
k141_4126	74291	86	0
k141_1055	12183	475	0
k141_9191	35615	6818	0
k141_1187	6260	4	0
k141_7735	4219	621	0
k141_10474	9697	8	0
k141_6185	7858	0	0
k141_5834	104252	58	0
k141_2630	16817	6	0
k141_1061	4599	6	0
k141_4128	7710	10	0
k141_5287	6791	2	0
k141_2991	24917	16	0
k141_7376	10915	448	0
k141_5290	3188	20	0
k141_5534	90269	47	0
k141_7745	6557	2	0
k141_3799	121112	46613	0
k141_2450	25106	4	0
k141_1648	9868	4	0
k141_7378	3326	654	0
k141_1193	4295	93	0
k141_8069	20597	24196	0
k141_2995	8675	11664	0
k141_2632	11736	18	0
k141_4138	8876	10	0
k141_4489	232970	1422133	0
k141_7755	12047	264	0
k141_1202	3920	81	0
k141_2475	4933	2	0
k141_7384	11462	153	0
k141_5296	23007	4	0
k141_2997	19181	16	0
k141_6204	21681	20	0
k141_1213	5569	74	0
k141_4508	3010	39	0
k141_6857	65093	38794	0
k141_7772	8737	3	0
k141_6208	6168	6259	0
k141_7397	3084	0	0
k141_2639	23080	12364	0
k141_4518	5111	2	0
k141_6210	3253	6	0
k141_3450	61760	118	0
k141_5540	37113	19	0
k141_7398	3787	46	0
k141_2657	3643	2735	0
k141_8084	38073	34	0
k141_7409	4490	52	0
k141_9510	89188	66	0
k141_8653	247095	31234	0
k141_1218	23037	23910	0
k141_6858	21715	25573	0
k141_9517	3173	248	0
k141_8091	5526	2	0
k141_6211	20729	12	0
k141_4147	42786	24488	0
k141_1225	4260	99	0
k141_8664	3138	48	0
k141_7419	3524	2	0
k141_6215	3915	1	0
k141_8668	3117	4	0
k141_5300	41787	49675	0
k141_9535	3109	59	0
k141_3474	13505	5	0
k141_6217	5650	4	0
k141_7776	39462	33	0
k141_10475	72077	38	0
k141_8094	15020	8	0
k141_2661	25570	11438	0
k141_8095	4038	2	0
k141_5546	37321	21	0
k141_3004	48345	36	0
k141_1247	9221	6	0
k141_6860	20930	14	0
k141_4530	39946	6	0
k141_6862	3024	603	0
k141_3477	15137	16	0
k141_3006	5530	1	0
k141_8102	3834	57	0
k141_5549	7384	7	0
k141_10485	13234	5433	0
k141_10486	5778	104	0
k141_8118	4541	35	0
k141_3011	10585	0	0
k141_3480	14703	6	0
k141_8119	4909	71	0
k141_10493	5546	0	0
k141_3800	102615	54945	0
k141_6226	26714	22	0
k141_4555	9777	2	0
k141_1684	79892	56	0
k141_1250	26931	24	0
k141_7780	38760	10	0
k141_3021	7474	1090	0
k141_2674	42630	9143	0
k141_4169	43826	21167	0
k141_10494	12381	6	0
k141_1698	3854	4	0
k141_10495	3529	667	0
k141_10126	142817	86	0
k141_6228	16914	3166	0
k141_10496	4511	70	0
k141_4591	5337	4	0
k141_1255	14866	10	0
k141_3023	15407	6	0
k141_6230	4616	82	0
k141_5553	47598	13	0
k141_4596	3286	0	0
k141_4185	4051	47	0
k141_10134	10871	11	0
k141_1256	8673	1745	0
k141_5558	8598	0	0
k141_6884	50160	38	0
k141_10497	21850	26694	0
k141_10159	9310	2	0
k141_6886	8385	11	0
k141_2697	28259	14	0
k141_5569	7332	112	0
k141_4200	13508	16	0
k141_3482	63145	32521	0
k141_8672	97004	4958	0
k141_4597	29607	14	0
k141_1265	22780	14	0
k141_10513	7633	16	0
k141_3483	4446	0	0
k141_4830	268247	52179	0
k141_9751	185078	91264	0
k141_10161	15813	338	0
k141_3485	7632	34	0
k141_10519	5967	1	0
k141_7781	66566	33	0
k141_5591	9361	12	0
k141_2699	20085	16	0
k141_4214	8567	2	0
k141_9755	7786	168	0
k141_10167	6803	6	0
k141_4843	4412	87	0
k141_8680	13537	10	0
k141_10532	3952	2	0
k141_10170	5000	0	0
k141_4844	4405	193	0
k141_2703	5432	64	0
k141_5594	8546	6	0
k141_4845	3392	0	0
k141_3500	5055	0	0
k141_1710	57628	51	0
k141_6890	31702	36	0
k141_5598	3286	2	0
k141_1272	21688	9931	0
k141_10179	3358	32	0
k141_6891	5865	6781	0
k141_1274	3090	54	0
k141_2715	5325	4	0
k141_4848	10102	4	0
k141_1717	7960	4	0
k141_3509	8650	500	0
k141_3027	64420	40	0
k141_4853	3884	9	0
k141_6897	10196	3	0
k141_9759	32306	1331	0
k141_1291	3609	2	0
k141_4856	4248	4	0
k141_5608	14684	12	0
k141_8300	323772	55406	0
k141_3522	5732	4	0
k141_1293	4794	0	0
k141_2757	3086	2	0
k141_4871	7011	172	0
k141_1756	3666	4	0
k141_10536	44529	10	0
k141_8301	15003	14	0
k141_8682	50526	28	0
k141_1316	3457	53	0
k141_5623	10268	4	0
k141_1763	4873	4	0
k141_10544	4024	80	0
k141_9800	7504	4	0
k141_5629	5285	11	0
k141_10545	3349	10	0
k141_5846	256272	59105	0
k141_4882	8648	5	0
k141_6537	628213	3454666	0
k141_8303	15838	393	0
k141_4885	5174	101	0
k141_5633	11195	9	0
k141_6901	44731	28	0
k141_1332	9750	6	0
k141_4228	70420	3804	0
k141_3030	54446	20	0
k141_5642	3452	88	0
k141_8312	10045	2	0
k141_9815	16543	6	0
k141_5875	6889	2	0
k141_6549	16215	11	0
k141_1349	5110	1762	0
k141_3037	4906	2	0
k141_4914	6086	0	0
k141_3038	3046	342	0
k141_8687	42701	23614	0
k141_1354	3627	2	0
k141_6556	8515	8	0
k141_4920	3738	4	0
k141_2762	55372	27	0
k141_6902	32026	12783	0
k141_4921	5781	2775	0
k141_3801	176337	98699	0
k141_3047	11728	6	0
k141_5890	22560	14	0
k141_10180	100368	41	0
k141_3804	3614	43	0
k141_3526	77624	110	0
k141_6907	6127	13	0
k141_4926	5056	0	0
k141_5894	4096	694	0
k141_6911	3356	54	0
k141_8700	18900	6	0
k141_5900	3669	188	0
k141_9823	35866	26	0
k141_3534	6098	108	0
k141_10189	4995	8	0
k141_8321	35474	69	0
k141_8703	3912	1372	0
k141_2763	22684	12	0
k141_6234	168960	1075789	0
k141_9827	7349	116	0
k141_6924	4408	4148	0
k141_10548	65972	24	0
k141_8326	3372	1395	0
k141_2766	4383	72	0
k141_1355	36459	7830	0
k141_8709	6650	3	0
k141_3056	15921	6	0
k141_6931	5199	70	0
k141_1357	6237	6	0
k141_6246	5358	441	0
k141_8328	9070	8	0
k141_6570	32124	22	0
k141_9834	9868	809	0
k141_1359	5201	2	0
k141_10579	3155	65	0
k141_2771	11615	4	0
k141_4938	25828	13581	0
k141_10206	16519	21	0
k141_6573	6536	10	0
k141_8711	15351	16	0
k141_6938	10698	8	0
k141_1360	6662	6	0
k141_8333	10053	181	0
k141_2773	8879	201	0
k141_3813	38076	64	0
k141_6248	16566	14	0
k141_8722	3521	46	0
k141_9860	5368	4	0
k141_3816	3313	43	0
k141_3058	26933	23	0
k141_4944	13674	16	0
k141_1362	15358	12	0
k141_10586	15464	6	0
k141_3820	7103	468	0
k141_6268	3641	2	0
k141_9876	4057	83	0
k141_3067	8340	4	0
k141_10588	6855	0	0
k141_1371	4708	60	0
k141_1372	3018	4	0
k141_6274	6402	6	0
k141_6275	4849	2	0
k141_9880	12950	6	0
k141_9882	4902	0	0
k141_1396	4528	1	0
k141_6575	51108	26	0
k141_2774	51110	13	0
k141_1404	4596	2	0
k141_6578	7659	12	0
k141_4239	121662	5091	0
k141_1409	4986	1	0
k141_3830	42900	27	0
k141_10209	79565	44	0
k141_2787	14579	16998	0
k141_3836	4919	85	0
k141_3072	50789	28495	0
k141_6278	43140	29	0
k141_6282	3055	47	0
k141_3848	6844	6	0
k141_8345	83296	76	0
k141_8350	3571	856	0
k141_3854	12091	2	0
k141_1411	41442	30	0
k141_10589	86212	58	0
k141_6283	31266	24	0
k141_8370	7660	135	0
k141_2812	31759	1431	0
k141_10212	51922	32	0
k141_6284	4973	78	0
k141_6952	130275	82	0
k141_6290	3357	0	0
k141_8378	6774	4	0
k141_6956	4638	4	0
k141_6298	3524	78	0
k141_6959	4590	800	0
k141_8385	3015	8	0
k141_6301	4461	472	0
k141_8388	3734	64	0
k141_6319	3253	60	0
k141_5911	198281	108250	0
k141_6325	10683	7	0
k141_3862	67660	38	0
k141_7015	9142	2	0
k141_6329	3180	312	0
k141_3093	85507	58	0
k141_5923	4347	2	0
k141_7022	4268	80	0
k141_3865	12313	2	0
k141_3112	5827	0	0
k141_3867	3612	50	0
k141_8401	40684	36	0
k141_7031	5964	2	0
k141_5957	4267	3770	0
k141_8402	3466	6	0
k141_7034	3202	60	0
k141_3874	4608	4	0
k141_3115	6611	1803	0
k141_5966	3474	2	0
k141_7042	4687	83	0
k141_6351	21159	11425	0
k141_5974	5819	85	0
k141_8421	5072	0	0
k141_6358	3971	212	0
k141_8422	7036	4	0
k141_6369	3684	67	0
k141_8425	5275	4	0
k141_8432	4666	81	0
k141_5978	43776	27	0
k141_5981	3792	680	0
k141_3889	56517	14	0
k141_10226	147330	6644	0
k141_7048	61227	32	0
k141_8724	279195	1818928	0
k141_7058	5368	0	0
k141_6584	225112	1387759	0
k141_6592	5016	1882	0
k141_5985	38552	26	0
k141_6598	3789	0	0
k141_10227	40402	30	0
k141_7070	22583	4	0
k141_5988	9278	4009	0
k141_6602	3802	4	0
k141_8725	46906	26	0
k141_10237	11620	15	0
k141_10245	3331	44	0
k141_6002	23014	22	0
k141_6627	22607	22681	0
k141_10251	14493	10	0
k141_10252	5225	2	0
k141_6633	12550	11	0
k141_6638	4161	4	0
k141_8435	136958	77	0
k141_6639	14000	12	0
k141_8437	9915	13	0
k141_6005	55548	26	0
k141_6013	6249	0	0
k141_8731	94623	56	0
k141_8739	5250	2	0
k141_8743	3405	63	0
k141_8461	24150	20	0
k141_8747	5741	10	0
k141_8472	9633	10	0
k141_6652	58111	32440	0
k141_8476	3597	2	0
k141_8477	5388	3	0
k141_6014	69058	59	0
k141_6676	8442	698	0
k141_8749	63317	380397	0
k141_8751	6823	0	0
k141_6682	44033	39	0
k141_8777	12513	4	0
k141_8780	3218	2	0
k141_6690	5704	357	0
k141_3116	324737	1784187	0
k141_8783	11298	10	0
k141_3120	10644	8	0
k141_3126	3105	40	0
k141_8794	15656	6	0
k141_6696	26631	17	0
k141_8816	3117	44	0
k141_3143	11521	209	0
k141_8830	3642	2	0
k141_3146	10823	4	0
k141_8837	4804	217	0
k141_3162	49400	32	0
k141_3170	7906	0	0
k141_3177	20747	8	0
k141_3185	5569	85	0
k141_6718	200079	102793	0
*	0	0	0
